5642
22166
22644
1307
1582
1973
5643
1038
22600
7636
7129
1301
2989
1598
22914
1672
20396
6375
3830
11049
4310
1354
1297
2080
8356
955
22284
2789
852
1147
1795
2747
31437
7482
1130
1540
14039
1698
1403
2236
4026
1740
1620
1664
1812
30639
8722
13482
2397
2576
3634
15307
29808
1282
5132
761
13142
988
3229
1478
1172
48222
1181
2128
7272
1361
1653
3771
2926
1151
12198
1096
22135
1672
1606
9914
48637
4347
3355
1326
5393
765
49028
2427
2139
22839
13024
2496
2247
1839
23059
2272
1125
2852
22648
6465
7401
1695
2938
1315
1302
1763
1515
3604
1300
2179
1183
1267
12823
4446
1674
2972
21845
29625
28493
4370
2286
22584
1097
